2611.0023/08/201200000503042201207000000000514
10/07/20120005262601543070987089730700869918307098708970693613001156003006000500018000                    9999999999999900
10/07/20120005262601533070987089730700869918270487784160693613001156003012000500018000                    9999999999999900
10/07/20120005264047073065425756230700869918307121451250640111797157003010000523022600                    9999999999999900
10/07/20120005264047063065425756230700869918307121451250640111797157003004000523022600                    9999999999999900
10/07/20120005257255253358817913930700869918307103633460409811797157003052000500024600                    9999999999999900
10/07/20120005257255213358817913930700869918307103633460409811797157003092000500024625                    9999999999999900
10/07/20120005257255193358817913930700869918307103633460247911797157003106000500024700                    9999999999999900
10/07/20120005257255233358817913930700869918307103633460247911797157003032000500024600                    9999999999999900
10/07/20120005257499803053359371930700869918307096692961899811797158003732000800000000                    9999999999999921
0000327734  35960      
0000325043  36760      
0000325704  36920      
0000326132  37180      
0000326645  37300      
0000326496  36500      
0000325720  37620      
0000325480  36480      
0000326892  36320      
0000326058  37260      
0000325712  36680      
0000328021  36340      
0000325316  36060      
0000328005  35180      
0000327551  35840      
0000327775  35520      
0000327320  35720      
0000327627  34780      
0000327064  35700      
0000326355  34860      
                       
10/07/20120005264047053065425756230700869918307121451250640111797157003002000523022603                    9999999999999900
10/07/20120005262917173070878821630700869918201853318150693611797157002900000500023393                    9999999999999900
10/07/20120005262917183070878821630700869918200736152680693611797157002900000500023393                    9999999999999900
10/07/20120005264047083065425756230700869918307121451250640111797157002900000523022603                    9999999999999900
10/07/20120005264539212308605401930700869918202759397310697511797158002970000500023452                    9999999999999900
11/07/20120005257499813053359371930700869918307096692961899811797158003482000800000000                    9999999999999909
0000327700  34660      
0000326611  36000      
0000327247  35340      
0000327890  34600      
0000327643  34580      
0000326207  34700      
0000325472  34820      
0000326769  35900      
                       
12/07/20120005262601553070987089730700869918307098708970693613001156003031000500024625                    9999999999999900
12/07/20120005265144742013422233730700869918202595782730146711797158003062000420022000                    9999999999999900
12/07/20120005265144772013422233730700869918201468867370146711797158003112000420022000                    9999999999999900
13/07/20120005264498083068514169430700869918201816216811402713001156002700000530023860                    9999999999999900
13/07/20120005259099523070933232130700869918307096692961899811797158003788000800000000                    9999999999999930
0000157370  46670      
0000159707  45780      
0000156729  44830      
0000103895  45850      
0000156943  44830      
0000156141  44560      
0000156554  44700      
0000159327  45100      
0000103606  44780      
0000158873  44770      
0000158345  44680      
0000100123  44750      
0000099838  44660      
0000158121  44880      
0000157651  44950      
0000158451  44660      
0000156539  44820      
0000157594  44740      
0000158675  44700      
0000102772  44890      
0000160069  44980      
0000157339  44760      
0000327437  37750      
0000326934  37780      
0000325506  37490      
0000328120  37660      
0000327882  37450      
0000325449  37930      
0000326793  38000      
                       
14/07/20120005264498103068514169430700869918201816216811402713001156002700000530023860                    9999999999999900
14/07/20120005260373452016229270730700869918307020510920984313001156002770000485024299                    9999999999999900
14/07/20120005264498093068514169430700869918201816216811402713001156002884000530023860                    9999999999999900
14/07/20120005264958123060759719330700869918307098635990962811797157002956000430019000                    9999999999999900
14/07/20120005264958113060759719330700869918307098635990962811797157002906000430019000                    9999999999999900
16/07/20120005265644863070920121930700869918307092012190022713001156003000000500024625                    9999999999999900
16/07/20120005265644873070920121930700869918307092012190022713001156003000000500024625                    9999999999999900
16/07/20120005265644853070920121930700869918307092012190022713001156003000000500024625                    9999999999999900
16/07/20120005263835233070977887730700869918231223086690697511797158003116000350019000                    9999999999999900
16/07/20120005265003033069425141930700869918307110473400697511797157002928000425018000                    9999999999999900
16/07/20120005265002993069425141930700869918337070776090697511797157003060000425018000                    9999999999999900
16/07/20120005265003093069425141930700869918306653440840697511797157002930000425018000                    9999999999999900
16/07/20120005265003003069425141930700869918306653440840697511797157002974000425018000                    9999999999999900
16/07/20120005265003133069425141930700869918307093816830697511797157003142000425018000                    9999999999999900
16/07/20120005260654043358817913930700869918307103633460247911797157003072000500024625                    9999999999999900
16/07/20120005263334193061870567230700869918232316864791234111797157002947000550012200                    9999999999999900
16/07/20120005264947173065425756230700869918202393521470697511797157002982000481020145                    9999999999999900
16/07/20120005265660193069425141930700869918337070776090697511797157003030000425018000                    9999999999999900
17/07/20120005257499823053359371930700869918307088004291899811797158003652000800000000                    9999999999999930
0000325290  36160      
0000326082  36600      
0000326595  35920      
0000325340  36640      
0000327577  36040      
0000326777  35840      
0000325977  35760      
0000325647  36200      
0000327023  36880      
0000325241  36900      
0000325001  36760      
0000327569  36280      
0000327692  36720      
0000326027  36320      
0000326843  36260      
0000326363  35660      
0000326736  35580      
0000101592  44500      
0000104695  45000      
0000104794  45000      
0000157008  45000      
0000156463  45000      
0000160093  45000      
0000158055  45000      
0000103226  45000      
0000157255  45000      
0000158576  45000      
0000158766  45000      
0000158014  45000      
                       
17/07/20120005264947123065425756230700869918306653440840697511797157003030000481020100                    9999999999999900
17/07/20120005264049403065425756230700869918307121451250640111797157002926000523022603                    9999999999999900
17/07/20120005264049303065425756230700869918307121451250640111797157003020000523022603                    9999999999999900
17/07/20120005264049503065425756230700869918307121451250640111797157003056000523022603                    9999999999999900
17/07/20120005264947193065425756230700869918202006849240697511797157002978000481020145                    9999999999999900
18/07/20120005265928573068083069630700869918306808306960985813001156002686000620025658                    9999999999999900
18/07/20120005266289933051141602330700869918307097526730693611797157002891000575023500                    9999999999999900
18/07/20120005262506123051141602330700869918307097526730693611797157002980000575023500                    9999999999999900
18/07/20120005262506093051141602330700869918202408651740693611797157002952000235023500                    9999999999999900
18/07/20120005262506103051141602330700869918202408652040693611797157003046000575023500                    9999999999999900
18/07/20120005262506083051141602330700869918202408652040693611797157002989000575023500                    9999999999999900
18/07/20120005260654093358817913930700869918307103633460409811797157003012000500024625                    9999999999999900
18/07/20120005260654113358817913930700869918307103633461905111797157003000000500024600                    9999999999999900
18/07/20120005264946573065425756230700869918307121451251905111797157003004000523022603                    9999999999999900
18/07/20120005264946583065425756230700869918307121451251905111797157002918000523022603                    9999999999999900
18/07/20120005264946663065425756230700869918307108974641905111797157002942000517021906                    9999999999999900
18/07/20120005264946593065425756230700869918307121451251905111797157002954000523022603                    9999999999999900
18/07/20120005266162442012329143430700869918201816216811905111797157003000000530025000                    9999999999999900
18/07/20120005264946563065425756230700869918307121451251905111797157003000000523022603                    9999999999999900
18/07/20120005260654133358817913930700869918307103633461905111797157003020000500024625                    9999999999999900
18/07/20120005264049693065425756230700869918307121451251905111797157003052000523022603                    9999999999999900
18/07/20120005260654123358817913930700869918307103633461905111797157003010000500024625                    9999999999999900
18/07/20120005264946603065425756230700869918307121451251905111797157002970000523022603                    9999999999999900
18/07/20120005264946683065425756230700869918271776001351905111797157002912000517021906                    9999999999999900
18/07/20120005264946673065425756230700869918202253420091905111797157003042000518021906                    9999999999999900
18/07/20120005265003013069425141930700869918306653440840697511797157002986000425018000                    9999999999999900
18/07/20120005266289943051141602330700869918201707253100693611797157002870000575023500                    9999999999999900
18/07/20120005262506073051141602330700869918202238316650693611797157002980000575023500                    9999999999999900
18/07/20120005264946653065425756230700869918201791852890640111797157002940000517021906                    9999999999999900
18/07/20120005264946693065425756230700869918306542575620640111797157002962000517021906                    9999999999999900
18/07/20120005264946703065425756230700869918307095085000640111797157002984000517021906                    9999999999999900
18/07/20120005266289953051141602330700869918306686713530693611797157003004000575023500                    9999999999999900
18/07/20120005264946723065425756230700869918307121451250640111797157003014000523022603                    9999999999999900
18/07/20120005265758873058521137730700869918306587000611899811797157004710000475000000                    9999999999999925
0000826537  47700      
0000892299  48600      
0000011080  49300      
0000808337  45600      
0000634188  48900      
0000652271  47200      
0000848309  51200      
0000855742  51300      
0000850339  52400      
0000824185  49300      
0000843367  50300      
0000657346  50000      
0000012286  48500      
0000846709  51700      
0000456715  49300      
0000808220  50400      
0000634741  47700      
0000892083  48500      
0000844704  47400      
0000827022  45600      
0000456244  49300      
0000661280  50600      
0000633669  47100      
0000823898  46900      
                       
19/07/20120005266409533050936375330700869918201039229690247911797158002932000475021690                    9999999999999900
19/07/20120005266289973051141602330700869918202544980690693611797157002951000575023500                    9999999999999900
19/07/20120005266290023051141602330700869918202305204700693611797157003068000575023500                    9999999999999900
19/07/20120005266289963051141602330700869918337101548190693611797157002943000575023500                    9999999999999900
19/07/20120005264049863065425756230700869918307121451250640111797157002900000523022603                    9999999999999900
19/07/20120005266289983051141602330700869918202305204700693611797157002957000575023500                    9999999999999900
19/07/20120005266290013051141602330700869918202994887730693611797157003029000575023500                    9999999999999900
19/07/20120005266290003051141602330700869918203161523420693611797157003096000575023500                    9999999999999900
19/07/20120005264946613065425756230700869918307121451250640111797157003026000523022603                    9999999999999900
19/07/20120005264946733065425756230700869918307121451250640111797157002948000523022603                    9999999999999900
19/07/20120005264049813065425756230700869918307121451250640111797157003030000523022603                    9999999999999900
19/07/20120005264049893065425756230700869918307121451250640111797157003032000523022603                    9999999999999900
19/07/20120005266718953050844700730700869918307075044350640111797158003127000540019500                    9999999999999900
19/07/20120005266290033051141602330700869918307097526730693611797157002974000575023500                    9999999999999900
19/07/20120005266162452012329143430700869918201816216810022711797157003000000530025000                    9999999999999900
19/07/20120005266162462012329143430700869918201816216810022711797157003100000530025000                    9999999999999900
19/07/20120005264946773065425756230700869918307121451250640111797157002938000525022603                    9999999999999900
19/07/20120005264946743065425756230700869918307121451250640111797157002748000525022603                    9999999999999900
19/07/20120005266290063051141602330700869918200801041120693611797157002980000575023500                    9999999999999900
19/07/20120005266290113051141602330700869918307097526730693611797157003022000575023500                    9999999999999900
20/07/20120005259099543070933232130700869918307088004291899811797157003992000800000000                    9999999999999912
0000319988  40470      
0000103705  44670      
0000157958  45070      
0000157388  45000      
0000158501  44900      
0000319426  39600      
0000319566  39700      
0000159764  44960      
0000099580  44800      
0000156042  44570      
0000158162  44890      
                       
20/07/20120005259099533070933232130700869918307088004291899811797157004032000800000000                    9999999999999918
0000103556  39372      
0000156372  39990      
0000156513  39950      
0000100420  40090      
0000158568  39660      
0000159160  44820      
0000104463  44910      
0000156414  44590      
0000103309  44960      
0000158386  44920      
0000103960  45380      
0000156950  44930      
0000157230  44950      
0000103929  44870      
0000157727  44650      
0000159780  45000      
0000158709  45080      
                       
20/07/20120005266718963050844700730700869918200762530570640111797158002957000540019500                    9999999999999900
20/07/20120005266718983050844700730700869918200762530570640111797158003000000540019500                    9999999999999900
20/07/20120005266718973050844700730700869918200762530570640111797158002950000540019500                    9999999999999900
20/07/20120005267016922012329143430700869918201816216810022711797157003050000530025000                    9999999999999900
20/07/20120005264946783065425756230700869918307121451250640111797157002912000525022603                    9999999999999900
20/07/20120005264946823065425756230700869918307121451250640111797157002950000525022603                    9999999999999900
20/07/20120005266290093051141602330700869918201191725600693611797157002868000575023500                    9999999999999900
20/07/20120005264946753065425756230700869918307121451251905111797157002942000525022603                    9999999999999900
20/07/20120005264946833065425756230700869918307121451251905111797157002978000525022603                    9999999999999900
20/07/20120005266290073051141602330700869918307097526730693611797157002962000575023500                    9999999999999900
20/07/20120005266290083051141602330700869918307097526730693611797157003048000575023500                    9999999999999900
20/07/20120005266290043051141602330700869918200837515690693611797157003073000575023500                    9999999999999900
20/07/20120005266290053051141602330700869918200837515690693611797157002959000575023500                    9999999999999900
20/07/20120005264946813065425756230700869918307121451250640111797157002906000525022603                    9999999999999900
20/07/20120005264946803065425756230700869918307121451250640111797157002950000525022603                    9999999999999900
20/07/20120005264946763065425756230700869918306463806570640111797157002974000525022603                    9999999999999900
20/07/20120005264946793065425756230700869918307121451250640111797157002914000525022603                    9999999999999900
20/07/20120005266290123051141602330700869918202588215490693611797157002907000575023500                    9999999999999900
20/07/20120005264946993065425756230700869918307121451251905111797157002940000525022600                    9999999999999900
20/07/20120005266290133051141602330700869918201423421550693611797157002682000575023500                    9999999999999900
20/07/20120005264946943065425756230700869918307121451251905111797157002948000525022603                    9999999999999900
20/07/20120005266290143051141602330700869918201191725600693611797157002900000575023500                    9999999999999900
20/07/20120005266290153051141602330700869918209240142030693611797157002925000575023500                    9999999999999900
20/07/20120005264946933065425756230700869918307121451251905111797157002926000525022603                    9999999999999900
20/07/20120005264946953065425756230700869918307121451251905111797157002942000525022603                    9999999999999900
20/07/20120005266290183051141602330700869918202305204700693611797157003065000575023500                    9999999999999900
20/07/20120005264946963065425756230700869918307121451251905111797157002900000525022603                    9999999999999900
20/07/20120005266289993051141602330700869918200736570170693611797157002958000575023500                    9999999999999900
20/07/20120005264059303052709481630700869918230766496691905111797160002874000600025313                    9999999999999900
20/07/20120005264946973065425756230700869918307121451251905111797157002986000525022603                    9999999999999900
20/07/20120005266290193051141602330700869918202305204701905111797157002980000575023500                    9999999999999900
20/07/20120005264946983065425756230700869918307121451251905111797157002900000525022603                    9999999999999900
20/07/20120005264946923065425756230700869918307121451251905111797157002976000525022603                    9999999999999900
20/07/20120005266290173051141602330700869918201355339990693611797157002954000575023500                    9999999999999900
20/07/20120005266290163051141602330700869918201355339990693611797157003041000575023500                    9999999999999900
21/07/20120005264059263052709481630700869918230766496691905111797160002902000600025313                    9999999999999900
21/07/20120005250575033050679216530700869918000000000001899811797157004500000380000000                    9999999999999930
0000099713  45000      
0000102608  45000      
0000104133  45000      
0000104661  45000      
0000156596  45000      
0000156679  45000      
0000156810  45000      
0000156935  45000      
0000157768  45000      
0000157834  45000      
0000157974  45000      
0000158006  44940      
0000158352  45000      
0000158782  45000      
0000159269  45000      
0000159798  45000      
0000160010  45000      
0000319061  45000      
0000325563  39200      
0000325829  38440      
0000325951  39940      
0000326397  38680      
0000326702  39120      
0000326751  38660      
0000327270  38580      
0000327387  39240      
0000327429  39040      
0000327809  38800      
0000328062  38840      
                       
21/07/20120005267258432711174156030700869918201816216811433111797160002688000370020000                    9999999999999900
21/07/20120005267258442711174156030700869918201816216811433111797160002864000370020000                    9999999999999900
23/07/20120005265928653068083069630700869918306808306960985813001156002790000620025658                    9999999999999900
23/07/20120005261582273050679216530700869918307088004291899811797157004504000380000000                    9999999999999930
0000103135  45040      
0000103150  45040      
0000103903  45020      
0000104349  45020      
0000104398  45440      
0000104562  45040      
0000104620  45020      
0000156570  45020      
0000156927  44940      
0000157750  45020      
0000157800  45040      
0000158022  45000      
0000158048  45060      
0000158154  45020      
0000158253  44960      
0000158550  45320      
0000158659  45040      
0000159038  45040      
0000159400  45020      
0000159483  45020      
0000159632  45000      
0000160119  45060      
0000319228  45020      
0000319343  45040      
0000325944  38040      
0000326421  37980      
0000326520  38020      
0000327106  38060      
0000328104  39880      
                       
23/07/20120005266290453051141602330700869918201729022520693611797157002895000575023500                    9999999999999900
23/07/20120005266290303051141602330700869918201039229690693611797157003012000575023500                    9999999999999900
23/07/20120005266290413051141602330700869918201039229690693611797157002998000575023500                    9999999999999900
23/07/20120005266290353051141602330700869918201707253100693611797157002822000575023500                    9999999999999900
23/07/20120005266290493051141602330700869918272730119650693611797157002944000575023500                    9999999999999900
23/07/20120005266290323051141602330700869918201039229690693611797157002979000575023500                    9999999999999900
23/07/20120005266290373051141602330700869918307107350060693611797157003015000575023500                    9999999999999900
23/07/20120005266390503065425756230700869918307121451251905111797157002890000525022603                    9999999999999900
23/07/20120005266390493065425756230700869918307121451251905111797157003000000525022603                    9999999999999900
23/07/20120005264951183065425756230700869918307121451251905111797157003000000525022603                    9999999999999900
23/07/20120005266390563065425756230700869918307121451251905111797157003064000525022600                    9999999999999900
23/07/20120005266390583065425756230700869918307121451251905111797157002900000525022603                    9999999999999900
23/07/20120005266390573065425756230700869918307121451250697511797157002900000525022600                    9999999999999900
23/07/20120005267451483065425756230700869918307121451251905111797157002916000525022600                    9999999999999900
23/07/20120005266390553065425756230700869918307121451251905111797157002856000525022603                    9999999999999900
23/07/20120005266290333051141602330700869918202305204700693611797157003099000575023500                    9999999999999900
23/07/20120005267122613070929895630700869918201665419651238111797157003050000143014300                    9999999999999900
23/07/20120005267283782008010722730700869918201816216811433111797160002714000370020000                    9999999999999900
23/07/20120005267283772008010722730700869918201816216811433111797160002566000370020000                    9999999999999900
23/07/20120005267258452711174156030700869918201816216811433111797160002830000370020000                    9999999999999900
24/07/20120005266390513065425756230700869918307121451251905111797157002902000525022603                    9999999999999900
24/07/20120005266290543051141602330700869918201805510860693611797157002787000575023500                    9999999999999900
24/07/20120005267122593070929895630700869918271741836061238111797157002980000320014300                    9999999999999900
24/07/20120005266290473051141602330700869918202375779230693611797157002985000575023500                    9999999999999900
24/07/20120005266290533051141602330700869918202305204700693611797157002969000575023500                    9999999999999900
24/07/20120005267451473065425756230700869918307121451250697511797157003000000525022603                    9999999999999900
24/07/20120005267451463065425756230700869918307121451250697511797157003060000525022603                    9999999999999900
24/07/20120005267451493065425756230700869918307121451250697511797157002700000525022603                    9999999999999900
24/07/20120005264951193065425756230700869918307102766560697511797157003006000525022603                    9999999999999900
24/07/20120005262695913053357382330700869918307090913670037711797158002838000400020000                    9999999999999900
24/07/20120005262695903053357382330700869918307090913670037711797158002819000400020000                    9999999999999900
24/07/20120005264951203065425756230700869918202436181940697511797157003200000525022603                    9999999999999900
24/07/20120005262695933053357382330700869918272030516680037711797158003116000400022000                    9999999999999900
24/07/20120005266290563051141602330700869918202994887730693611797157003060000575023500                    9999999999999900
24/07/20120005267406043051141602330700869918231218290290693611797157002934000575023500                    9999999999999900
24/07/20120005266290513051141602330700869918202232559820693611797157002859000575023500                    9999999999999900
24/07/20120005267406063051141602330700869918202588215490693611797157002911000575023500                    9999999999999900
24/07/20120005267406053051141602330700869918337077879590693611797157003047000575023500                    9999999999999900
24/07/20120005267406083051141602330700869918202848806930693611797157002941000575023500                    9999999999999900
24/07/20120005267406073051141602330700869918202840598840693611797157003067000575023500                    9999999999999900
24/07/20120005267406103051141602330700869918202848806930693611797157002962000575023500                    9999999999999900
24/07/20120005265127393358817913930700869918307103633460409811797157002882000500024625                    9999999999999900
24/07/20120005267406093051141602330700869918307088343310693611797157003013000575023500                    9999999999999900
24/07/20120005267451443065425756230700869918307121451250697511797157003060000525022600                    9999999999999900
24/07/20120005267406113051141602330700869918201847687800693611797157003036000575023500                    9999999999999900
24/07/20120005264592703069584691230700869918307092897360000011797158002946000540024187                    9999999999999900
25/07/20120005265928703068083069630700869918306808306960985813001156002856000620027009                    9999999999999900
25/07/20120005262695953053357382330700869918201717418830037711797158003025000400022500                    9999999999999900
25/07/20120005266729643050928417930700869918200836700970640111797158003000000500021000                    9999999999999900
25/07/20120005267406123051141602330700869918201707253100693611797157002902000575023500                    9999999999999900
25/07/20120005267406173051141602330700869918272730119650693611797157002989000575023500                    9999999999999900
25/07/20120005267406133051141602330700869918200607468780693611797157002917000575023500                    9999999999999900
25/07/20120005267406163051141602330700869918271131089460693611797157002972000575023500                    9999999999999900
25/07/20120005267406143051141602330700869918305257567300693611797157002903000575023500                    9999999999999900
26/07/20120005262696013053357382330700869918272030516680037711797158003095000400022000                    9999999999999900
26/07/20120005267406183051141602330700869918201707253100693611797157002867000575023500                    9999999999999900
26/07/20120005267406193051141602330700869918271780429770693611797157002976000575023500                    9999999999999900
26/07/20120005267406203051141602330700869918202848806930693611797157002981000575023500                    9999999999999900
26/07/20120005267406253051141602330700869918202848806930693611797157002925000575023500                    9999999999999900
26/07/20120005264951273065425756230700869918307116414550697511797157003039000450019014                    9999999999999900
26/07/20120005267406213051141602330700869918307107350060693611797157003046000575023500                    9999999999999900
26/07/20120005264950153065425756230700869918307096571150697511797157002884000450019000                    9999999999999900
26/07/20120005267724402010394090830700869918202063131110783311797158002975000610025300                    9999999999999900
26/07/20120005264951263065425756230700869918307116414550697511797157002962000450019014                    9999999999999900
26/07/20120005267406153051141602330700869918203308237990693611797157003001000575023500                    9999999999999900
26/07/20120005264951283065425756230700869918201158365290697511797157002960000450019014                    9999999999999900
26/07/20120005264950143065425756230700869918201158365290697511797157002914000450019014                    9999999999999900
26/07/20120005267406223051141602330700869918202305204700693611797157003031000575023500                    9999999999999900
27/07/20120005265928733068083069630700869918202585116040985813001156002610000620027009                    9999999999999900
27/07/20120005267406233051141602330700869918307106600650693611797157002991000575023500                    9999999999999900
27/07/20120005268472912010368000030700869918200736175381905111797157003034000480023000                    9999999999999900
27/07/20120005267406263051141602330700869918231218290290693611797157002997000575023500                    9999999999999900
27/07/20120005267406313051141602330700869918202588215490693611797157002892000575023500                    9999999999999900
27/07/20120005267406283051141602330700869918201172255000693611797157003040000575023500                    9999999999999900
27/07/20120005267406273051141602330700869918201707253100693611797157002878000575023500                    9999999999999900
27/07/20120005267406303051141602330700869918201647716100693611797157003007000575023500                    9999999999999900
27/07/20120005267406323051141602330700869918202305204700693611797157003087000575023500                    9999999999999900
28/07/20120005267406333051141602330700869918201707253100693611797157002914000575023500                    9999999999999900
28/07/20120005267406293051141602330700869918307097526730693611797157003041000575023500                    9999999999999900
30/07/20120005266983163070933232130700869918307096692961899811797158003941000800000000                    9999999999999912
0000319657  39700      
0000319905  39830      
0000103572  44760      
0000160028  44830      
0000157941  44900      
0000159970  44880      
0000157560  44930      
0000099754  44750      
0000158956  44620      
0000158881  44570      
0000156232  44600      
                       
30/07/20120005262696553053357382330700869918231663651390037711797158003000000400020000                    9999999999999900
30/07/20120005262696623053357382330700869918201717418830037711797158003024000400022500                    9999999999999900
